date,state,fips,cases,deaths
2022-02-01,Alabama,01,1223896,17146
2022-02-01,Alaska,02,215643,1057
2022-02-01,American Samoa,60,18,0
2022-02-01,Arizona,04,1878211,26345
2022-02-01,Arkansas,05,781396,9670
2022-02-01,California,06,8447069,80434
2022-02-01,Colorado,08,1262603,11379
2022-02-01,Connecticut,09,700640,10076
2022-02-01,Delaware,10,248447,2544
2022-02-01,District of Columbia,11,130949,1290
2022-02-01,Florida,12,5555874,65271
2022-02-01,Georgia,13,2310054,31774
2022-02-01,Guam,66,33300,291
2022-02-01,Hawaii,15,215303,1178
2022-02-01,Idaho,16,382572,4427
2022-02-01,Illinois,17,2934402,34853
2022-02-01,Indiana,18,1632993,21487
2022-02-01,Iowa,19,719703,8501
2022-02-01,Kansas,20,731161,7567
2022-02-01,Kentucky,21,1179699,13008
2022-02-01,Louisiana,22,1174941,15744
2022-02-01,Maine,23,175759,1751
2022-02-01,Maryland,24,957036,13532
2022-02-01,Massachusetts,25,1614642,22164
2022-02-01,Michigan,26,2252688,32225
2022-02-01,Minnesota,27,1343240,11607
2022-02-01,Mississippi,28,731667,11044
2022-02-01,Missouri,29,1350910,17727
2022-02-01,Montana,30,243890,3020
2022-02-01,Nebraska,31,441456,3705
2022-02-01,Nevada,32,659036,9012
2022-02-01,New Hampshire,33,277355,2223
2022-02-01,New Jersey,34,2115305,31557
2022-02-01,New Mexico,35,481852,6475
2022-02-01,New York,36,4796000,64461
2022-02-01,North Carolina,37,2430619,20827
2022-02-01,North Dakota,38,225508,2140
2022-02-01,Northern Mariana Islands,69,5280,23
2022-02-01,Ohio,39,2586903,33537
2022-02-01,Oklahoma,40,979349,12044
2022-02-01,Oregon,41,638823,6124
2022-02-01,Pennsylvania,42,2667166,40836
2022-02-01,Puerto Rico,72,491256,3867
2022-02-01,Rhode Island,44,344841,3329
2022-02-01,South Carolina,45,1389266,15508
2022-02-01,South Dakota,46,228169,2660
2022-02-01,Tennessee,47,1830865,22399
2022-02-01,Texas,48,6254867,79934
2022-02-01,Utah,49,888532,4138
2022-02-01,Vermont,50,104837,542
2022-02-01,Virgin Islands,78,14903,101
2022-02-01,Virginia,51,1551705,16252
2022-02-01,Washington,53,1336200,10838
2022-02-01,West Virginia,54,448922,5778
2022-02-01,Wisconsin,55,1520874,12453
2022-02-01,Wyoming,56,147305,1650
2022-02-02,Alabama,01,1229300,17215
2022-02-02,Alaska,02,219767,1064
2022-02-02,American Samoa,60,18,0
2022-02-02,Arizona,04,1886541,26369
2022-02-02,Arkansas,05,786010,9693
2022-02-02,California,06,8483510,80727
2022-02-02,Colorado,08,1266514,11398
2022-02-02,Connecticut,09,702426,10083
2022-02-02,Delaware,10,248910,2552
2022-02-02,District of Columbia,11,131093,1290
2022-02-02,Florida,12,5572757,65273
2022-02-02,Georgia,13,2317869,31880
2022-02-02,Guam,66,34757,297
2022-02-02,Hawaii,15,216412,1188
2022-02-02,Idaho,16,384905,4455
2022-02-02,Illinois,17,2943829,34966
2022-02-02,Indiana,18,1639907,21598
2022-02-02,Iowa,19,722589,8657
2022-02-02,Kansas,20,740099,7604
2022-02-02,Kentucky,21,1188934,13034
2022-02-02,Louisiana,22,1179814,15781
2022-02-02,Maine,23,177099,1759
2022-02-02,Maryland,24,958385,13572
2022-02-02,Massachusetts,25,1620268,22255
2022-02-02,Michigan,26,2277192,32599
2022-02-02,Minnesota,27,1347150,11666
2022-02-02,Mississippi,28,737607,11170
2022-02-02,Missouri,29,1360166,17807
2022-02-02,Montana,30,245324,3030
2022-02-02,Nebraska,31,443144,3705
2022-02-02,Nevada,32,661168,9050
2022-02-02,New Hampshire,33,278691,2232
2022-02-02,New Jersey,34,2119298,31663
2022-02-02,New Mexico,35,484454,6490
2022-02-02,New York,36,4804328,64646
2022-02-02,North Carolina,37,2443062,20917
2022-02-02,North Dakota,38,226745,2162
2022-02-02,Northern Mariana Islands,69,5314,23
2022-02-02,Ohio,39,2595504,33537
2022-02-02,Oklahoma,40,983937,12193
2022-02-02,Oregon,41,643973,6163
2022-02-02,Pennsylvania,42,2674471,41028
2022-02-02,Puerto Rico,72,492819,3887
2022-02-02,Rhode Island,44,345836,3334
2022-02-02,South Carolina,45,1394651,15609
2022-02-02,South Dakota,46,228938,2665
2022-02-02,Tennessee,47,1835278,22544
2022-02-02,Texas,48,6280918,80221
2022-02-02,Utah,49,892141,4150
2022-02-02,Vermont,50,105569,545
2022-02-02,Virgin Islands,78,14903,101
2022-02-02,Virginia,51,1558383,16412
2022-02-02,Washington,53,1351639,10924
2022-02-02,West Virginia,54,451910,5814
2022-02-02,Wisconsin,55,1526321,12509
2022-02-02,Wyoming,56,148382,1650
2022-02-03,Alabama,01,1229300,17215
2022-02-03,Alaska,02,219767,1064
2022-02-03,American Samoa,60,18,0
2022-02-03,Arizona,04,1894335,26430
2022-02-03,Arkansas,05,790223,9733
2022-02-03,California,06,8562030,80922
2022-02-03,Colorado,08,1271310,11409
2022-02-03,Connecticut,09,704871,10083
2022-02-03,Delaware,10,249716,2555
2022-02-03,District of Columbia,11,131284,1291
2022-02-03,Florida,12,5590369,65993
2022-02-03,Georgia,13,2325658,32002
2022-02-03,Guam,66,34757,297
2022-02-03,Hawaii,15,217895,1191
2022-02-03,Idaho,16,387384,4468
2022-02-03,Illinois,17,2943829,34966
2022-02-03,Indiana,18,1646533,21666
2022-02-03,Iowa,19,724912,8657
2022-02-03,Kansas,20,740153,7608
2022-02-03,Kentucky,21,1197175,13058
2022-02-03,Louisiana,22,1185174,15841
2022-02-03,Maine,23,178501,1777
2022-02-03,Maryland,24,960459,13611
2022-02-03,Massachusetts,25,1625704,22316
2022-02-03,Michigan,26,2277192,32599
2022-02-03,Minnesota,27,1352598,11711
2022-02-03,Mississippi,28,744023,11202
2022-02-03,Missouri,29,1364896,17837
2022-02-03,Montana,30,246377,3033
2022-02-03,Nebraska,31,444695,3731
2022-02-03,Nevada,32,663107,9084
2022-02-03,New Hampshire,33,279842,2239
2022-02-03,New Jersey,34,2123207,31769
2022-02-03,New Mexico,35,487604,6518
2022-02-03,New York,36,4814634,64812
2022-02-03,North Carolina,37,2458111,21037
2022-02-03,North Dakota,38,228087,2168
2022-02-03,Northern Mariana Islands,69,5575,23
2022-02-03,Ohio,39,2601241,33537
2022-02-03,Oklahoma,40,988190,12193
2022-02-03,Oregon,41,649389,6181
2022-02-03,Pennsylvania,42,2681717,41199
2022-02-03,Puerto Rico,72,494625,3908
2022-02-03,Rhode Island,44,347041,3341
2022-02-03,South Carolina,45,1400276,15744
2022-02-03,South Dakota,46,229671,2677
2022-02-03,Tennessee,47,1847542,22618
2022-02-03,Texas,48,6308863,80518
2022-02-03,Utah,49,895624,4160
2022-02-03,Vermont,50,106174,548
2022-02-03,Virgin Islands,78,14963,102
2022-02-03,Virginia,51,1565522,16548
2022-02-03,Washington,53,1355172,10961
2022-02-03,West Virginia,54,455201,5829
2022-02-03,Wisconsin,55,1531529,12548
2022-02-03,Wyoming,56,149126,1650
2022-02-04,Alabama,01,1240496,17371
2022-02-04,Alaska,02,223573,1064
2022-02-04,American Samoa,60,18,0
2022-02-04,Arizona,04,1903412,26530
2022-02-04,Arkansas,05,791730,9762
2022-02-04,California,06,8604465,81180
2022-02-04,Colorado,08,1276189,11423
2022-02-04,Connecticut,09,706140,10159
2022-02-04,Delaware,10,250311,2563
2022-02-04,District of Columbia,11,131543,1293
2022-02-04,Florida,12,5610464,66279
2022-02-04,Georgia,13,2334292,32109
2022-02-04,Guam,66,34757,297
2022-02-04,Hawaii,15,219059,1201
2022-02-04,Idaho,16,389813,4480
2022-02-04,Illinois,17,2962497,35157
2022-02-04,Indiana,18,1650853,21712
2022-02-04,Iowa,19,724912,8657
2022-02-04,Kansas,20,744965,7743
2022-02-04,Kentucky,21,1204104,13089
2022-02-04,Louisiana,22,1192375,15905
2022-02-04,Maine,23,179915,1800
2022-02-04,Maryland,24,962063,13655
2022-02-04,Massachusetts,25,1630462,22379
2022-02-04,Michigan,26,2289269,32835
2022-02-04,Minnesota,27,1359208,11749
2022-02-04,Mississippi,28,751862,11250
2022-02-04,Missouri,29,1367755,17851
2022-02-04,Montana,30,250718,3035
2022-02-04,Nebraska,31,445793,3755
2022-02-04,Nevada,32,665211,9144
2022-02-04,New Hampshire,33,281300,2246
2022-02-04,New Jersey,34,2126230,31868
2022-02-04,New Mexico,35,489701,6536
2022-02-04,New York,36,4822350,64965
2022-02-04,North Carolina,37,2470404,21107
2022-02-04,North Dakota,38,229271,2174
2022-02-04,Northern Mariana Islands,69,5687,23
2022-02-04,Ohio,39,2605245,34217
2022-02-04,Oklahoma,40,992932,12193
2022-02-04,Oregon,41,654343,6214
2022-02-04,Pennsylvania,42,2688808,41359
2022-02-04,Puerto Rico,72,496158,3925
2022-02-04,Rhode Island,44,347901,3354
2022-02-04,South Carolina,45,1406933,15791
2022-02-04,South Dakota,46,230240,2687
2022-02-04,Tennessee,47,1858817,22688
2022-02-04,Texas,48,6331037,80685
2022-02-04,Utah,49,898432,4173
2022-02-04,Vermont,50,106690,553
2022-02-04,Virgin Islands,78,14988,102
2022-02-04,Virginia,51,1572022,16703
2022-02-04,Washington,53,1365001,11068
2022-02-04,West Virginia,54,458112,5846
2022-02-04,Wisconsin,55,1535483,12600
2022-02-04,Wyoming,56,149842,1650
2022-02-05,Alabama,01,1242420,17371
2022-02-05,Alaska,02,223573,1064
2022-02-05,American Samoa,60,18,0
2022-02-05,Arizona,04,1911655,26628
2022-02-05,Arkansas,05,793361,9793
2022-02-05,California,06,8614417,81267
2022-02-05,Colorado,08,1276189,11423
2022-02-05,Connecticut,09,706140,10159
2022-02-05,Delaware,10,250756,2576
2022-02-05,District of Columbia,11,131543,1293
2022-02-05,Florida,12,5629602,66279
2022-02-05,Georgia,13,2334292,32109
2022-02-05,Guam,66,34757,297
2022-02-05,Hawaii,15,220275,1219
2022-02-05,Idaho,16,391151,4481
2022-02-05,Illinois,17,2962497,35157
2022-02-05,Indiana,18,1650853,21712
2022-02-05,Iowa,19,729700,8657
2022-02-05,Kansas,20,744965,7743
2022-02-05,Kentucky,21,1204762,13090
2022-02-05,Louisiana,22,1192375,15905
2022-02-05,Maine,23,181010,1804
2022-02-05,Maryland,24,963691,13691
2022-02-05,Massachusetts,25,1630462,22379
2022-02-05,Michigan,26,2289269,32835
2022-02-05,Minnesota,27,1359208,11749
2022-02-05,Mississippi,28,751862,11250
2022-02-05,Missouri,29,1370297,17859
2022-02-05,Montana,30,250718,3035
2022-02-05,Nebraska,31,445793,3755
2022-02-05,Nevada,32,665211,9144
2022-02-05,New Hampshire,33,281300,2246
2022-02-05,New Jersey,34,2129191,31948
2022-02-05,New Mexico,35,489701,6536
2022-02-05,New York,36,4827018,65013
2022-02-05,North Carolina,37,2470404,21107
2022-02-05,North Dakota,38,230163,2177
2022-02-05,Northern Mariana Islands,69,5891,23
2022-02-05,Ohio,39,2608055,34217
2022-02-05,Oklahoma,40,995546,12193
2022-02-05,Oregon,41,654343,6214
2022-02-05,Pennsylvania,42,2697242,41524
2022-02-05,Puerto Rico,72,496903,3939
2022-02-05,Rhode Island,44,347901,3354
2022-02-05,South Carolina,45,1406933,15791
2022-02-05,South Dakota,46,230240,2687
2022-02-05,Tennessee,47,1880559,22762
2022-02-05,Texas,48,6351228,80872
2022-02-05,Utah,49,898432,4173
2022-02-05,Vermont,50,106690,553
2022-02-05,Virgin Islands,78,14988,102
2022-02-05,Virginia,51,1572022,16703
2022-02-05,Washington,53,1365175,11068
2022-02-05,West Virginia,54,461846,5846
2022-02-05,Wisconsin,55,1535483,12600
2022-02-05,Wyoming,56,149842,1650
2022-02-06,Alabama,01,1242420,17371
2022-02-06,Alaska,02,223573,1064
2022-02-06,American Samoa,60,18,0
2022-02-06,Arizona,04,1918034,26639
2022-02-06,Arkansas,05,794342,9831
2022-02-06,California,06,8621360,81334
2022-02-06,Colorado,08,1276837,11427
2022-02-06,Connecticut,09,706140,10159
2022-02-06,Delaware,10,251192,2576
2022-02-06,District of Columbia,11,131543,1293
2022-02-06,Florida,12,5629602,66279
2022-02-06,Georgia,13,2334292,32109
2022-02-06,Guam,66,37082,297
2022-02-06,Hawaii,15,221173,1223
2022-02-06,Idaho,16,391151,4481
2022-02-06,Illinois,17,2962497,35157
2022-02-06,Indiana,18,1650853,21712
2022-02-06,Iowa,19,729700,8657
2022-02-06,Kansas,20,744965,7743
2022-02-06,Kentucky,21,1205118,13091
2022-02-06,Louisiana,22,1192375,15905
2022-02-06,Maine,23,181010,1804
2022-02-06,Maryland,24,964815,13724
2022-02-06,Massachusetts,25,1630462,22379
2022-02-06,Michigan,26,2289269,32835
2022-02-06,Minnesota,27,1359208,11749
2022-02-06,Mississippi,28,751862,11250
2022-02-06,Missouri,29,1371988,17869
2022-02-06,Montana,30,250718,3035
2022-02-06,Nebraska,31,445793,3755
2022-02-06,Nevada,32,665211,9144
2022-02-06,New Hampshire,33,281300,2246
2022-02-06,New Jersey,34,2131015,31966
2022-02-06,New Mexico,35,489701,6537
2022-02-06,New York,36,4835502,65148
2022-02-06,North Carolina,37,2470404,21107
2022-02-06,North Dakota,38,230166,2177
2022-02-06,Northern Mariana Islands,69,6102,23
2022-02-06,Ohio,39,2610125,34217
2022-02-06,Oklahoma,40,995546,12193
2022-02-06,Oregon,41,654343,6214
2022-02-06,Pennsylvania,42,2700036,41538
2022-02-06,Puerto Rico,72,498636,3944
2022-02-06,Rhode Island,44,347901,3354
2022-02-06,South Carolina,45,1406933,15791
2022-02-06,South Dakota,46,230240,2687
2022-02-06,Tennessee,47,1880559,22762
2022-02-06,Texas,48,6369286,80909
2022-02-06,Utah,49,898432,4173
2022-02-06,Vermont,50,106690,553
2022-02-06,Virgin Islands,78,14988,102
2022-02-06,Virginia,51,1572022,16703
2022-02-06,Washington,53,1365183,11068
2022-02-06,West Virginia,54,463357,5846
2022-02-06,Wisconsin,55,1535483,12600
2022-02-06,Wyoming,56,149842,1650
2022-02-07,Alabama,01,1245876,17387
2022-02-07,Alaska,02,226616,1064
2022-02-07,American Samoa,60,18,0
2022-02-07,Arizona,04,1922450,26639
2022-02-07,Arkansas,05,795071,9867
2022-02-07,California,06,8658747,81524
2022-02-07,Colorado,08,1283263,11624
2022-02-07,Connecticut,09,708278,10159
2022-02-07,Delaware,10,251467,2576
2022-02-07,District of Columbia,11,132170,1304
2022-02-07,Florida,12,5680958,66463
2022-02-07,Georgia,13,2345912,32247
2022-02-07,Guam,66,37581,299
2022-02-07,Hawaii,15,221983,1223
2022-02-07,Idaho,16,393151,4498
2022-02-07,Illinois,17,2976481,35373
2022-02-07,Indiana,18,1655907,21812
2022-02-07,Iowa,19,729700,8657
2022-02-07,Kansas,20,748991,7752
2022-02-07,Kentucky,21,1212237,13176
2022-02-07,Louisiana,22,1199682,15953
2022-02-07,Maine,23,181010,1804
2022-02-07,Maryland,24,965587,13745
2022-02-07,Massachusetts,25,1637528,22472
2022-02-07,Michigan,26,2300369,32874
2022-02-07,Minnesota,27,1365034,11784
2022-02-07,Mississippi,28,768457,11285
2022-02-07,Missouri,29,1375027,17883
2022-02-07,Montana,30,252611,3041
2022-02-07,Nebraska,31,447455,3755
2022-02-07,Nevada,32,668042,9186
2022-02-07,New Hampshire,33,284180,2260
2022-02-07,New Jersey,34,2132154,31987
2022-02-07,New Mexico,35,494368,6557
2022-02-07,New York,36,4839530,65217
2022-02-07,North Carolina,37,2494578,21259
2022-02-07,North Dakota,38,230868,2177
2022-02-07,Northern Mariana Islands,69,6332,23
2022-02-07,Ohio,39,2612719,34217
2022-02-07,Oklahoma,40,997783,12193
2022-02-07,Oregon,41,662250,6244
2022-02-07,Pennsylvania,42,2707891,41585
2022-02-07,Puerto Rico,72,498898,3945
2022-02-07,Rhode Island,44,349499,3363
2022-02-07,South Carolina,45,1421539,15929
2022-02-07,South Dakota,46,230834,2691
2022-02-07,Tennessee,47,1880559,22762
2022-02-07,Texas,48,6385413,80980
2022-02-07,Utah,49,903940,4191
2022-02-07,Vermont,50,107478,553
2022-02-07,Virgin Islands,78,14988,102
2022-02-07,Virginia,51,1584248,17107
2022-02-07,Washington,53,1380697,11175
2022-02-07,West Virginia,54,464630,5877
2022-02-07,Wisconsin,55,1542757,12669
2022-02-07,Wyoming,56,150722,1650
2022-02-08,Alabama,01,1250383,17407
2022-02-08,Alaska,02,226616,1064
2022-02-08,American Samoa,60,18,0
2022-02-08,Arizona,04,1926240,26822
2022-02-08,Arkansas,05,798036,9895
2022-02-08,California,06,8702299,81806
2022-02-08,Colorado,08,1286089,11646
2022-02-08,Connecticut,09,709621,10158
2022-02-08,Delaware,10,251669,2593
2022-02-08,District of Columbia,11,132257,1304
2022-02-08,Florida,12,5700264,66465
2022-02-08,Georgia,13,2350148,32363
2022-02-08,Guam,66,38425,300
2022-02-08,Hawaii,15,222504,1223
2022-02-08,Idaho,16,395467,4499
2022-02-08,Illinois,17,2982270,35476
2022-02-08,Indiana,18,1659054,21911
2022-02-08,Iowa,19,733153,8657
2022-02-08,Kansas,20,749114,7755
2022-02-08,Kentucky,21,1218456,13213
2022-02-08,Louisiana,22,1202265,16016
2022-02-08,Maine,23,182401,1816
2022-02-08,Maryland,24,966325,13787
2022-02-08,Massachusetts,25,1639656,22602
2022-02-08,Michigan,26,2300369,32874
2022-02-08,Minnesota,27,1375429,11832
2022-02-08,Mississippi,28,770522,11378
2022-02-08,Missouri,29,1378282,18155
2022-02-08,Montana,30,253899,3047
2022-02-08,Nebraska,31,448709,3802
2022-02-08,Nevada,32,669748,9236
2022-02-08,New Hampshire,33,284567,2270
2022-02-08,New Jersey,34,2134058,32094
2022-02-08,New Mexico,35,495769,6563
2022-02-08,New York,36,4843719,65402
2022-02-08,North Carolina,37,2499100,21335
2022-02-08,North Dakota,38,231841,2186
2022-02-08,Northern Mariana Islands,69,6563,23
2022-02-08,Ohio,39,2617104,34592
2022-02-08,Oklahoma,40,998769,12193
2022-02-08,Oregon,41,665486,6265
2022-02-08,Pennsylvania,42,2703494,41781
2022-02-08,Puerto Rico,72,498953,3960
2022-02-08,Rhode Island,44,350080,3365
2022-02-08,South Carolina,45,1423919,15986
2022-02-08,South Dakota,46,231379,2697
2022-02-08,Tennessee,47,1894885,22803
2022-02-08,Texas,48,6400529,81275
2022-02-08,Utah,49,905282,4223
2022-02-08,Vermont,50,107679,558
2022-02-08,Virgin Islands,78,15045,103
2022-02-08,Virginia,51,1588937,17227
2022-02-08,Washington,53,1381587,11187
2022-02-08,West Virginia,54,466125,5900
2022-02-08,Wisconsin,55,1545293,12740
2022-02-08,Wyoming,56,151159,1667
2022-02-09,Alabama,01,1254032,17452
2022-02-09,Alaska,02,228852,1082
2022-02-09,American Samoa,60,18,0
2022-02-09,Arizona,04,1931642,26856
2022-02-09,Arkansas,05,800373,9927
2022-02-09,California,06,8753919,82108
2022-02-09,Colorado,08,1289108,11735
2022-02-09,Connecticut,09,710669,10214
2022-02-09,Delaware,10,252068,2598
2022-02-09,District of Columbia,11,132384,1305
2022-02-09,Florida,12,5713185,66468
2022-02-09,Georgia,13,2355434,32543
2022-02-09,Guam,66,38425,300
2022-02-09,Hawaii,15,222974,1230
2022-02-09,Idaho,16,398033,4539
2022-02-09,Illinois,17,2987075,35600
2022-02-09,Indiana,18,1659054,21911
2022-02-09,Iowa,19,735422,8829
2022-02-09,Kansas,20,753534,7843
2022-02-09,Kentucky,21,1224302,13263
2022-02-09,Louisiana,22,1204688,16066
2022-02-09,Maine,23,183499,1819
2022-02-09,Maryland,24,967076,13827
2022-02-09,Massachusetts,25,1642896,22675
2022-02-09,Michigan,26,2311144,33249
2022-02-09,Minnesota,27,1379252,11872
2022-02-09,Mississippi,28,772844,11455
2022-02-09,Missouri,29,1382774,18191
2022-02-09,Montana,30,254922,3053
2022-02-09,Nebraska,31,449393,3802
2022-02-09,Nevada,32,671322,9270
2022-02-09,New Hampshire,33,285863,2284
2022-02-09,New Jersey,34,2136387,32187
2022-02-09,New Mexico,35,497570,6599
2022-02-09,New York,36,4849690,65553
2022-02-09,North Carolina,37,2509931,21494
2022-02-09,North Dakota,38,232723,2190
2022-02-09,Northern Mariana Islands,69,6784,23
2022-02-09,Ohio,39,2621375,34592
2022-02-09,Oklahoma,40,1000480,12425
2022-02-09,Oregon,41,668783,6322
2022-02-09,Pennsylvania,42,2708830,41897
2022-02-09,Puerto Rico,72,499424,3984
2022-02-09,Rhode Island,44,350715,3369
2022-02-09,South Carolina,45,1427869,16018
2022-02-09,South Dakota,46,232046,2706
2022-02-09,Tennessee,47,1900155,22903
2022-02-09,Texas,48,6415781,81559
2022-02-09,Utah,49,907346,4237
2022-02-09,Vermont,50,108166,562
2022-02-09,Virgin Islands,78,15045,103
2022-02-09,Virginia,51,1593675,17305
2022-02-09,Washington,53,1389806,11281
2022-02-09,West Virginia,54,468391,5939
2022-02-09,Wisconsin,55,1548408,12786
2022-02-09,Wyoming,56,151803,1667
2022-02-10,Alabama,01,1256745,17502
2022-02-10,Alaska,02,228852,1082
2022-02-10,American Samoa,60,57,0
2022-02-10,Arizona,04,1939021,27021
2022-02-10,Arkansas,05,802198,9937
2022-02-10,California,06,8767710,82321
2022-02-10,Colorado,08,1291590,11771
2022-02-10,Connecticut,09,711695,10219
2022-02-10,Delaware,10,252567,2601
2022-02-10,District of Columbia,11,132628,1305
2022-02-10,Florida,12,5723066,67322
2022-02-10,Georgia,13,2360327,32647
2022-02-10,Guam,66,38425,300
2022-02-10,Hawaii,15,224138,1236
2022-02-10,Idaho,16,400396,4540
2022-02-10,Illinois,17,2992617,35725
2022-02-10,Indiana,18,1665497,22028
2022-02-10,Iowa,19,736703,8829
2022-02-10,Kansas,20,753534,7844
2022-02-10,Kentucky,21,1230196,13310
2022-02-10,Louisiana,22,1207405,16138
2022-02-10,Maine,23,184614,1822
2022-02-10,Maryland,24,968176,13864
2022-02-10,Massachusetts,25,1645809,22737
2022-02-10,Michigan,26,2311144,33249
2022-02-10,Minnesota,27,1383715,11921
2022-02-10,Mississippi,28,774505,11508
2022-02-10,Missouri,29,1389422,18200
2022-02-10,Montana,30,256013,3063
2022-02-10,Nebraska,31,450048,3809
2022-02-10,Nevada,32,672296,9311
2022-02-10,New Hampshire,33,287020,2288
2022-02-10,New Jersey,34,2139579,32260
2022-02-10,New Mexico,35,499392,6631
2022-02-10,New York,36,4857125,65665
2022-02-10,North Carolina,37,2518790,21590
2022-02-10,North Dakota,38,233538,2193
2022-02-10,Northern Mariana Islands,69,7010,23
2022-02-10,Ohio,39,2625551,34592
2022-02-10,Oklahoma,40,1003158,12425
2022-02-10,Oregon,41,671923,6344
2022-02-10,Pennsylvania,42,2713459,42035
2022-02-10,Puerto Rico,72,500493,3994
2022-02-10,Rhode Island,44,351334,3375
2022-02-10,South Carolina,45,1431067,16136
2022-02-10,South Dakota,46,232400,2724
2022-02-10,Tennessee,47,1906492,22966
2022-02-10,Texas,48,6432669,81851
2022-02-10,Utah,49,909283,4250
2022-02-10,Vermont,50,108577,565
2022-02-10,Virgin Islands,78,15045,103
2022-02-10,Virginia,51,1598402,17393
2022-02-10,Washington,53,1393176,11287
2022-02-10,West Virginia,54,470807,5966
2022-02-10,Wisconsin,55,1551347,12843
2022-02-10,Wyoming,56,152206,1667
2022-02-11,Alabama,01,1259580,17505
2022-02-11,Alaska,02,230713,1082
2022-02-11,American Samoa,60,57,0
2022-02-11,Arizona,04,1941802,27073
2022-02-11,Arkansas,05,804145,9977
2022-02-11,California,06,8791266,82578
2022-02-11,Colorado,08,1294300,11814
2022-02-11,Connecticut,09,712884,10260
2022-02-11,Delaware,10,253010,2601
2022-02-11,District of Columbia,11,132820,1309
2022-02-11,Florida,12,5732856,67572
2022-02-11,Georgia,13,2364489,32758
2022-02-11,Guam,66,40264,307
2022-02-11,Hawaii,15,224833,1244
2022-02-11,Idaho,16,402153,4555
2022-02-11,Illinois,17,2992783,35725
2022-02-11,Indiana,18,1668288,22136
2022-02-11,Iowa,19,736703,8829
2022-02-11,Kansas,20,753803,7843
2022-02-11,Kentucky,21,1234992,13349
2022-02-11,Louisiana,22,1210398,16176
2022-02-11,Maine,23,185773,1824
2022-02-11,Maryland,24,968907,13874
2022-02-11,Massachusetts,25,1648656,22791
2022-02-11,Michigan,26,2319144,33426
2022-02-11,Minnesota,27,1388561,11957
2022-02-11,Mississippi,28,776717,11558
2022-02-11,Missouri,29,1390049,18207
2022-02-11,Montana,30,257205,3069
2022-02-11,Nebraska,31,450661,3815
2022-02-11,Nevada,32,673322,9335
2022-02-11,New Hampshire,33,288191,2294
2022-02-11,New Jersey,34,2142157,32319
2022-02-11,New Mexico,35,500516,6660
2022-02-11,New York,36,4861945,65785
2022-02-11,North Carolina,37,2526256,21675
2022-02-11,North Dakota,38,234205,2198
2022-02-11,Northern Mariana Islands,69,7199,23
2022-02-11,Ohio,39,2628814,35005
2022-02-11,Oklahoma,40,1005388,12425
2022-02-11,Oregon,41,674500,6355
2022-02-11,Pennsylvania,42,2717577,42134
2022-02-11,Puerto Rico,72,501219,4008
2022-02-11,Rhode Island,44,351844,3376
2022-02-11,South Carolina,45,1431067,16136
2022-02-11,South Dakota,46,232725,2730
2022-02-11,Tennessee,47,1912556,23015
2022-02-11,Texas,48,6447238,82101
2022-02-11,Utah,49,911075,4261
2022-02-11,Vermont,50,108969,566
2022-02-11,Virgin Islands,78,15171,105
2022-02-11,Virginia,51,1602677,17482
2022-02-11,Washington,53,1409126,11397
2022-02-11,West Virginia,54,472928,5992
2022-02-11,Wisconsin,55,1553717,12877
2022-02-11,Wyoming,56,152581,1667
2022-02-12,Alabama,01,1262018,17571
2022-02-12,Alaska,02,230713,1082
2022-02-12,American Samoa,60,57,0
2022-02-12,Arizona,04,1946086,27164
2022-02-12,Arkansas,05,806076,10025
2022-02-12,California,06,8795926,82660
2022-02-12,Colorado,08,1294884,11823
2022-02-12,Connecticut,09,712884,10260
2022-02-12,Delaware,10,253292,2643
2022-02-12,District of Columbia,11,132820,1309
2022-02-12,Florida,12,5741771,67572
2022-02-12,Georgia,13,2364489,32758
2022-02-12,Guam,66,40264,307
2022-02-12,Hawaii,15,225523,1255
2022-02-12,Idaho,16,403232,4554
2022-02-12,Illinois,17,2992783,35725
2022-02-12,Indiana,18,1668288,22136
2022-02-12,Iowa,19,739566,8829
2022-02-12,Kansas,20,753803,7843
2022-02-12,Kentucky,21,1235509,13355
2022-02-12,Louisiana,22,1210398,16176
2022-02-12,Maine,23,187697,1828
2022-02-12,Maryland,24,969848,13905
2022-02-12,Massachusetts,25,1648656,22791
2022-02-12,Michigan,26,2319144,33426
2022-02-12,Minnesota,27,1388561,11957
2022-02-12,Mississippi,28,776717,11558
2022-02-12,Missouri,29,1390245,18212
2022-02-12,Montana,30,257205,3069
2022-02-12,Nebraska,31,450661,3815
2022-02-12,Nevada,32,673322,9335
2022-02-12,New Hampshire,33,288191,2294
2022-02-12,New Jersey,34,2144050,32374
2022-02-12,New Mexico,35,500516,6660
2022-02-12,New York,36,4864803,65785
2022-02-12,North Carolina,37,2526256,21675
2022-02-12,North Dakota,38,234675,2201
2022-02-12,Northern Mariana Islands,69,7353,23
2022-02-12,Ohio,39,2630846,35005
2022-02-12,Oklahoma,40,1006846,12425
2022-02-12,Oregon,41,674500,6355
2022-02-12,Pennsylvania,42,2722395,42203
2022-02-12,Puerto Rico,72,501786,4025
2022-02-12,Rhode Island,44,351844,3376
2022-02-12,South Carolina,45,1431067,16136
2022-02-12,South Dakota,46,232725,2730
2022-02-12,Tennessee,47,1918273,23080
2022-02-12,Texas,48,6458145,82259
2022-02-12,Utah,49,911075,4261
2022-02-12,Vermont,50,108969,566
2022-02-12,Virgin Islands,78,15171,105
2022-02-12,Virginia,51,1602677,17482
2022-02-12,Washington,53,1409126,11397
2022-02-12,West Virginia,54,474712,5992
2022-02-12,Wisconsin,55,1553717,12877
2022-02-12,Wyoming,56,152581,1667
2022-02-13,Alabama,01,1263072,17571
2022-02-13,Alaska,02,230713,1082
2022-02-13,American Samoa,60,57,0
2022-02-13,Arizona,04,1950483,27180
2022-02-13,Arkansas,05,806877,10065
2022-02-13,California,06,8800780,82727
2022-02-13,Colorado,08,1294884,11823
2022-02-13,Connecticut,09,712884,10260
2022-02-13,Delaware,10,253534,2643
2022-02-13,District of Columbia,11,132820,1309
2022-02-13,Florida,12,5741771,67572
2022-02-13,Georgia,13,2364489,32758
2022-02-13,Guam,66,40954,307
2022-02-13,Hawaii,15,226027,1259
2022-02-13,Idaho,16,403232,4554
2022-02-13,Illinois,17,2992783,35725
2022-02-13,Indiana,18,1668288,22136
2022-02-13,Iowa,19,739566,8829
2022-02-13,Kansas,20,753803,7843
2022-02-13,Kentucky,21,1236374,13355
2022-02-13,Louisiana,22,1210398,16176
2022-02-13,Maine,23,187697,1828
2022-02-13,Maryland,24,970566,13917
2022-02-13,Massachusetts,25,1648656,22791
2022-02-13,Michigan,26,2319144,33426
2022-02-13,Minnesota,27,1388561,11957
2022-02-13,Mississippi,28,776717,11558
2022-02-13,Missouri,29,1390245,18212
2022-02-13,Montana,30,257205,3069
2022-02-13,Nebraska,31,450661,3815
2022-02-13,Nevada,32,673322,9335
2022-02-13,New Hampshire,33,288191,2294
2022-02-13,New Jersey,34,2145211,32377
2022-02-13,New Mexico,35,500516,6660
2022-02-13,New York,36,4870144,65912
2022-02-13,North Carolina,37,2526256,21675
2022-02-13,North Dakota,38,234875,2201
2022-02-13,Northern Mariana Islands,69,7353,23
2022-02-13,Ohio,39,2632336,35005
2022-02-13,Oklahoma,40,1006846,12425
2022-02-13,Oregon,41,674500,6355
2022-02-13,Pennsylvania,42,2724802,42203
2022-02-13,Puerto Rico,72,502466,4030
2022-02-13,Rhode Island,44,351844,3376
2022-02-13,South Carolina,45,1431067,16136
2022-02-13,South Dakota,46,232725,2730
2022-02-13,Tennessee,47,1918273,23080
2022-02-13,Texas,48,6465781,82457
2022-02-13,Utah,49,911075,4261
2022-02-13,Vermont,50,108969,566
2022-02-13,Virgin Islands,78,15171,105
2022-02-13,Virginia,51,1602677,17482
2022-02-13,Washington,53,1409126,11397
2022-02-13,West Virginia,54,476060,5992
2022-02-13,Wisconsin,55,1553717,12877
2022-02-13,Wyoming,56,152581,1667
2022-02-14,Alabama,01,1263796,17571
2022-02-14,Alaska,02,231740,1081
2022-02-14,American Samoa,60,57,0
2022-02-14,Arizona,04,1953168,27181
2022-02-14,Arkansas,05,807711,10097
2022-02-14,California,06,8834778,83028
2022-02-14,Colorado,08,1299431,11870
2022-02-14,Connecticut,09,714408,10260
2022-02-14,Delaware,10,253748,2643
2022-02-14,District of Columbia,11,133295,1309
2022-02-14,Florida,12,5751104,67910
2022-02-14,Georgia,13,2370590,32895
2022-02-14,Guam,66,41249,308
2022-02-14,Hawaii,15,226510,1259
2022-02-14,Idaho,16,404738,4579
2022-02-14,Illinois,17,3007009,35998
2022-02-14,Indiana,18,1672351,22186
2022-02-14,Iowa,19,739566,8829
2022-02-14,Kansas,20,758882,7881
2022-02-14,Kentucky,21,1250641,13458
2022-02-14,Louisiana,22,1213437,16217
2022-02-14,Maine,23,187697,1828
2022-02-14,Maryland,24,970991,13925
2022-02-14,Massachusetts,25,1652829,22856
2022-02-14,Michigan,26,2325437,33481
2022-02-14,Minnesota,27,1392891,11990
2022-02-14,Mississippi,28,781436,11652
2022-02-14,Missouri,29,1397123,18239
2022-02-14,Montana,30,258429,3074
2022-02-14,Nebraska,31,451074,3815
2022-02-14,Nevada,32,675186,9362
2022-02-14,New Hampshire,33,288191,2294
2022-02-14,New Jersey,34,2146285,32399
2022-02-14,New Mexico,35,503623,6686
2022-02-14,New York,36,4872741,65943
2022-02-14,North Carolina,37,2541259,21791
2022-02-14,North Dakota,38,234998,2201
2022-02-14,Northern Mariana Islands,69,7353,23
2022-02-14,Ohio,39,2633648,35005
2022-02-14,Oklahoma,40,1009129,12425
2022-02-14,Oregon,41,679241,6373
2022-02-14,Pennsylvania,42,2726796,42247
2022-02-14,Puerto Rico,72,502659,4032
2022-02-14,Rhode Island,44,352794,3388
2022-02-14,South Carolina,45,1442546,16241
2022-02-14,South Dakota,46,233008,2742
2022-02-14,Tennessee,47,1918273,23080
2022-02-14,Texas,48,6473858,82547
2022-02-14,Utah,49,914203,4300
2022-02-14,Vermont,50,109631,574
2022-02-14,Virgin Islands,78,15182,105
2022-02-14,Virginia,51,1610726,17697
2022-02-14,Washington,53,1410097,11459
2022-02-14,West Virginia,54,476957,6023
2022-02-14,Wisconsin,55,1557854,12930
2022-02-14,Wyoming,56,153095,1667
2022-02-15,Alabama,01,1265932,17656
2022-02-15,Alaska,02,231740,1081
2022-02-15,American Samoa,60,57,0
2022-02-15,Arizona,04,1954908,27186
2022-02-15,Arkansas,05,809396,10141
2022-02-15,California,06,8847111,83226
2022-02-15,Colorado,08,1301033,11877
2022-02-15,Connecticut,09,715692,10320
2022-02-15,Delaware,10,253881,2645
2022-02-15,District of Columbia,11,133339,1309
2022-02-15,Florida,12,5757122,67911
2022-02-15,Georgia,13,2373389,33006
2022-02-15,Guam,66,41249,308
2022-02-15,Hawaii,15,226798,1259
2022-02-15,Idaho,16,406917,4617
2022-02-15,Illinois,17,3009857,36057
2022-02-15,Indiana,18,1673820,22251
2022-02-15,Iowa,19,741648,8829
2022-02-15,Kansas,20,758882,7884
2022-02-15,Kentucky,21,1254560,13486
2022-02-15,Louisiana,22,1214994,16258
2022-02-15,Maine,23,198665,1849
2022-02-15,Maryland,24,971435,13939
2022-02-15,Massachusetts,25,1654513,22974
2022-02-15,Michigan,26,2325437,33481
2022-02-15,Minnesota,27,1399324,12022
2022-02-15,Mississippi,28,782689,11697
2022-02-15,Missouri,29,1399057,18507
2022-02-15,Montana,30,259284,3085
2022-02-15,Nebraska,31,451718,3830
2022-02-15,Nevada,32,675640,9421
2022-02-15,New Hampshire,33,291083,2316
2022-02-15,New Jersey,34,2147857,32483
2022-02-15,New Mexico,35,504287,6713
2022-02-15,New York,36,4875031,66078
2022-02-15,North Carolina,37,2544134,21845
2022-02-15,North Dakota,38,235447,2212
2022-02-15,Northern Mariana Islands,69,7746,25
2022-02-15,Ohio,39,2635769,35372
2022-02-15,Oklahoma,40,1009507,12425
2022-02-15,Oregon,41,680852,6393
2022-02-15,Pennsylvania,42,2729277,42424
2022-02-15,Puerto Rico,72,502558,4047
2022-02-15,Rhode Island,44,353048,3393
2022-02-15,South Carolina,45,1443723,16243
2022-02-15,South Dakota,46,233441,2742
2022-02-15,Tennessee,47,1926967,23220
2022-02-15,Texas,48,6485454,82790
2022-02-15,Utah,49,914977,4326
2022-02-15,Vermont,50,109793,575
2022-02-15,Virgin Islands,78,15229,107
2022-02-15,Virginia,51,1613719,17779
2022-02-15,Washington,53,1410237,11459
2022-02-15,West Virginia,54,477935,6067
2022-02-15,Wisconsin,55,1559468,12969
2022-02-15,Wyoming,56,153335,1689
2022-02-16,Alabama,01,1267907,17749
2022-02-16,Alaska,02,233405,1108
2022-02-16,American Samoa,60,57,0
2022-02-16,Arizona,04,1957085,27189
2022-02-16,Arkansas,05,810520,10190
2022-02-16,California,06,8861813,83466
2022-02-16,Colorado,08,1302841,11886
2022-02-16,Connecticut,09,717520,10318
2022-02-16,Delaware,10,254083,2654
2022-02-16,District of Columbia,11,133459,1311
2022-02-16,Florida,12,5763580,67914
2022-02-16,Georgia,13,2376463,33132
2022-02-16,Guam,66,41860,309
2022-02-16,Hawaii,15,226992,1271
2022-02-16,Idaho,16,409228,4636
2022-02-16,Illinois,17,3013259,36195
2022-02-16,Indiana,18,1675250,22377
2022-02-16,Iowa,19,743285,8948
2022-02-16,Kansas,20,761283,7919
2022-02-16,Kentucky,21,1260014,13530
2022-02-16,Louisiana,22,1216390,16304
2022-02-16,Maine,23,202221,1858
2022-02-16,Maryland,24,994837,13965
2022-02-16,Massachusetts,25,1656412,23021
2022-02-16,Michigan,26,2331762,33832
2022-02-16,Minnesota,27,1400784,12063
2022-02-16,Mississippi,28,783751,11772
2022-02-16,Missouri,29,1401054,18549
2022-02-16,Montana,30,260272,3094
2022-02-16,Nebraska,31,451944,3870
2022-02-16,Nevada,32,676364,9446
2022-02-16,New Hampshire,33,291540,2326
2022-02-16,New Jersey,34,2150351,32544
2022-02-16,New Mexico,35,505359,6731
2022-02-16,New York,36,4878130,66152
2022-02-16,North Carolina,37,2550228,21978
2022-02-16,North Dakota,38,235873,2215
2022-02-16,Northern Mariana Islands,69,7927,25
2022-02-16,Ohio,39,2638202,35372
2022-02-16,Oklahoma,40,1010554,12767
2022-02-16,Oregon,41,682566,6416
2022-02-16,Pennsylvania,42,2731855,42533
2022-02-16,Puerto Rico,72,503360,4055
2022-02-16,Rhode Island,44,353377,3394
2022-02-16,South Carolina,45,1445381,16407
2022-02-16,South Dakota,46,233692,2758
2022-02-16,Tennessee,47,1931284,23217
2022-02-16,Texas,48,6493562,83070
2022-02-16,Utah,49,916369,4336
2022-02-16,Vermont,50,110171,575
2022-02-16,Virgin Islands,78,15229,107
2022-02-16,Virginia,51,1616749,17878
2022-02-16,Washington,53,1410561,11594
2022-02-16,West Virginia,54,479214,6104
2022-02-16,Wisconsin,55,1561249,12991
2022-02-16,Wyoming,56,153663,1689
2022-02-17,Alabama,01,1270015,17787
2022-02-17,Alaska,02,233405,1108
2022-02-17,American Samoa,60,57,0
2022-02-17,Arizona,04,1959866,27398
2022-02-17,Arkansas,05,811669,10235
2022-02-17,California,06,8870565,83686
2022-02-17,Colorado,08,1305818,11908
2022-02-17,Connecticut,09,718064,10324
2022-02-17,Delaware,10,254441,2655
2022-02-17,District of Columbia,11,133587,1313
2022-02-17,Florida,12,5769916,68572
2022-02-17,Georgia,13,2378883,33269
2022-02-17,Guam,66,41860,309
2022-02-17,Hawaii,15,227602,1287
2022-02-17,Idaho,16,411257,4656
2022-02-17,Illinois,17,3015848,36285
2022-02-17,Indiana,18,1676718,22426
2022-02-17,Iowa,19,743773,8948
2022-02-17,Kansas,20,761359,7909
2022-02-17,Kentucky,21,1264778,13566
2022-02-17,Louisiana,22,1218262,16353
2022-02-17,Maine,23,206005,1883
2022-02-17,Maryland,24,995589,13981
2022-02-17,Massachusetts,25,1659075,23060
2022-02-17,Michigan,26,2331762,33832
2022-02-17,Minnesota,27,1402609,12100
2022-02-17,Mississippi,28,784338,11790
2022-02-17,Missouri,29,1403357,18586
2022-02-17,Montana,30,261140,3101
2022-02-17,Nebraska,31,452189,3871
2022-02-17,Nevada,32,676687,9489
2022-02-17,New Hampshire,33,292187,2326
2022-02-17,New Jersey,34,2153093,32609
2022-02-17,New Mexico,35,506348,6748
2022-02-17,New York,36,4881848,66224
2022-02-17,North Carolina,37,2555905,22071
2022-02-17,North Dakota,38,236267,2216
2022-02-17,Northern Mariana Islands,69,8153,25
2022-02-17,Ohio,39,2640201,35372
2022-02-17,Oklahoma,40,1012168,12767
2022-02-17,Oregon,41,684411,6444
2022-02-17,Pennsylvania,42,2735573,42617
2022-02-17,Puerto Rico,72,503907,4060
2022-02-17,Rhode Island,44,353776,3397
2022-02-17,South Carolina,45,1447557,16520
2022-02-17,South Dakota,46,234084,2766
2022-02-17,Tennessee,47,1935143,23619
2022-02-17,Texas,48,6502958,83350
2022-02-17,Utah,49,917403,4344
2022-02-17,Vermont,50,110417,579
2022-02-17,Virgin Islands,78,15255,108
2022-02-17,Virginia,51,1619839,17947
2022-02-17,Washington,53,1411406,11621
2022-02-17,West Virginia,54,480692,6146
2022-02-17,Wisconsin,55,1563071,13045
2022-02-17,Wyoming,56,153850,1689
2022-02-18,Alabama,01,1271455,17877
2022-02-18,Alaska,02,234541,1108
2022-02-18,American Samoa,60,57,0
2022-02-18,Arizona,04,1962920,27513
2022-02-18,Arkansas,05,812948,10271
2022-02-18,California,06,8885752,83936
2022-02-18,Colorado,08,1307537,11915
2022-02-18,Connecticut,09,719327,10357
2022-02-18,Delaware,10,254719,2660
2022-02-18,District of Columbia,11,133697,1314
2022-02-18,Florida,12,5775241,68902
2022-02-18,Georgia,13,2381751,33411
2022-02-18,Guam,66,41860,309
2022-02-18,Hawaii,15,228073,1289
2022-02-18,Idaho,16,413466,4676
2022-02-18,Illinois,17,3019048,36360
2022-02-18,Indiana,18,1678232,22529
2022-02-18,Iowa,19,743773,8948
2022-02-18,Kansas,20,762769,7928
2022-02-18,Kentucky,21,1269321,13606
2022-02-18,Louisiana,22,1219464,16400
2022-02-18,Maine,23,209759,1910
2022-02-18,Maryland,24,996443,13988
2022-02-18,Massachusetts,25,1661206,23109
2022-02-18,Michigan,26,2331762,33832
2022-02-18,Minnesota,27,1404832,12131
2022-02-18,Mississippi,28,785528,11836
2022-02-18,Missouri,29,1404313,18597
2022-02-18,Montana,30,262221,3107
2022-02-18,Nebraska,31,452601,3883
2022-02-18,Nevada,32,677345,9508
2022-02-18,New Hampshire,33,293697,2333
2022-02-18,New Jersey,34,2155400,32647
2022-02-18,New Mexico,35,507322,6777
2022-02-18,New York,36,4886716,66303
2022-02-18,North Carolina,37,2560860,22158
2022-02-18,North Dakota,38,236553,2219
2022-02-18,Northern Mariana Islands,69,8311,25
2022-02-18,Ohio,39,2642330,35493
2022-02-18,Oklahoma,40,1013287,12767
2022-02-18,Oregon,41,685953,6456
2022-02-18,Pennsylvania,42,2738475,42686
2022-02-18,Puerto Rico,72,504284,4069
2022-02-18,Rhode Island,44,354045,3397
2022-02-18,South Carolina,45,1449637,16533
2022-02-18,South Dakota,46,234961,2772
2022-02-18,Tennessee,47,1938972,23661
2022-02-18,Texas,48,6514527,83591
2022-02-18,Utah,49,918402,4359
2022-02-18,Vermont,50,110679,583
2022-02-18,Virgin Islands,78,15255,108
2022-02-18,Virginia,51,1622685,18016
2022-02-18,Washington,53,1410803,11706
2022-02-18,West Virginia,54,481818,6162
2022-02-18,Wisconsin,55,1564600,13068
2022-02-18,Wyoming,56,154082,1689
2022-02-19,Alabama,01,1272608,17933
2022-02-19,Alaska,02,234541,1108
2022-02-19,American Samoa,60,57,0
2022-02-19,Arizona,04,1965659,27618
2022-02-19,Arkansas,05,813925,10291
2022-02-19,California,06,8888971,84020
2022-02-19,Colorado,08,1307537,11915
2022-02-19,Connecticut,09,719327,10357
2022-02-19,Delaware,10,254946,2695
2022-02-19,District of Columbia,11,133697,1314
2022-02-19,Florida,12,5780682,68902
2022-02-19,Georgia,13,2381751,33411
2022-02-19,Guam,66,43193,317
2022-02-19,Hawaii,15,228425,1297
2022-02-19,Idaho,16,414604,4678
2022-02-19,Illinois,17,3019048,36360
2022-02-19,Indiana,18,1678232,22529
2022-02-19,Iowa,19,745530,8948
2022-02-19,Kansas,20,762769,7928
2022-02-19,Kentucky,21,1270477,13609
2022-02-19,Louisiana,22,1219464,16400
2022-02-19,Maine,23,213770,1960
2022-02-19,Maryland,24,997309,14003
2022-02-19,Massachusetts,25,1661206,23109
2022-02-19,Michigan,26,2331762,33832
2022-02-19,Minnesota,27,1404832,12131
2022-02-19,Mississippi,28,785528,11836
2022-02-19,Missouri,29,1404551,18598
2022-02-19,Montana,30,262221,3107
2022-02-19,Nebraska,31,452601,3883
2022-02-19,Nevada,32,677345,9508
2022-02-19,New Hampshire,33,293697,2333
2022-02-19,New Jersey,34,2156697,32697
2022-02-19,New Mexico,35,507323,6777
2022-02-19,New York,36,4888802,66322
2022-02-19,North Carolina,37,2560860,22158
2022-02-19,North Dakota,38,236784,2221
2022-02-19,Northern Mariana Islands,69,8422,25
2022-02-19,Ohio,39,2643929,35493
2022-02-19,Oklahoma,40,1013287,12767
2022-02-19,Oregon,41,685953,6456
2022-02-19,Pennsylvania,42,2742752,42686
2022-02-19,Puerto Rico,72,504847,4078
2022-02-19,Rhode Island,44,354045,3397
2022-02-19,South Carolina,45,1449637,16533
2022-02-19,South Dakota,46,234961,2772
2022-02-19,Tennessee,47,1942537,23695
2022-02-19,Texas,48,6522401,83782
2022-02-19,Utah,49,918402,4359
2022-02-19,Vermont,50,110679,583
2022-02-19,Virgin Islands,78,15255,108
2022-02-19,Virginia,51,1622685,18016
2022-02-19,Washington,53,1410803,11706
2022-02-19,West Virginia,54,481818,6162
2022-02-19,Wisconsin,55,1564600,13068
2022-02-19,Wyoming,56,154082,1689
2022-02-20,Alabama,01,1273092,17933
2022-02-20,Alaska,02,234541,1108
2022-02-20,American Samoa,60,57,0
2022-02-20,Arizona,04,1967702,27622
2022-02-20,Arkansas,05,814728,10292
2022-02-20,California,06,8891601,84089
2022-02-20,Colorado,08,1307537,11915
2022-02-20,Connecticut,09,719327,10357
2022-02-20,Delaware,10,255096,2695
2022-02-20,District of Columbia,11,133697,1314
2022-02-20,Florida,12,5780682,68902
2022-02-20,Georgia,13,2381751,33411
2022-02-20,Guam,66,43513,317
2022-02-20,Hawaii,15,228735,1301
2022-02-20,Idaho,16,414604,4678
2022-02-20,Illinois,17,3019048,36360
2022-02-20,Indiana,18,1678232,22529
2022-02-20,Iowa,19,745530,8948
2022-02-20,Kansas,20,762769,7928
2022-02-20,Kentucky,21,1270713,13609
2022-02-20,Louisiana,22,1219464,16400
2022-02-20,Maine,23,218367,1960
2022-02-20,Maryland,24,998398,14011
2022-02-20,Massachusetts,25,1661206,23109
2022-02-20,Michigan,26,2337531,33960
2022-02-20,Minnesota,27,1404832,12131
2022-02-20,Mississippi,28,785528,11836
2022-02-20,Missouri,29,1404551,18599
2022-02-20,Montana,30,262221,3107
2022-02-20,Nebraska,31,452601,3883
2022-02-20,Nevada,32,677345,9508
2022-02-20,New Hampshire,33,293697,2333
2022-02-20,New Jersey,34,2158100,32701
2022-02-20,New Mexico,35,507323,6777
2022-02-20,New York,36,4890443,66349
2022-02-20,North Carolina,37,2560860,22158
2022-02-20,North Dakota,38,236897,2221
2022-02-20,Northern Mariana Islands,69,8644,26
2022-02-20,Ohio,39,2644828,35493
2022-02-20,Oklahoma,40,1013287,12767
2022-02-20,Oregon,41,685953,6456
2022-02-20,Pennsylvania,42,2744145,42789
2022-02-20,Puerto Rico,72,505335,4082
2022-02-20,Rhode Island,44,354045,3397
2022-02-20,South Carolina,45,1449637,16533
2022-02-20,South Dakota,46,234961,2772
2022-02-20,Tennessee,47,1942537,23695
2022-02-20,Texas,48,6523978,83842
2022-02-20,Utah,49,918402,4359
2022-02-20,Vermont,50,110679,583
2022-02-20,Virgin Islands,78,15255,108
2022-02-20,Virginia,51,1622685,18016
2022-02-20,Washington,53,1410803,11706
2022-02-20,West Virginia,54,481818,6162
2022-02-20,Wisconsin,55,1564600,13068
2022-02-20,Wyoming,56,154082,1689
2022-02-21,Alabama,01,1273484,17933
2022-02-21,Alaska,02,234541,1108
2022-02-21,American Samoa,60,57,0
2022-02-21,Arizona,04,1967704,27622
2022-02-21,Arkansas,05,815299,10292
2022-02-21,California,06,8892924,84109
2022-02-21,Colorado,08,1310206,11916
2022-02-21,Connecticut,09,720618,10374
2022-02-21,Delaware,10,255210,2695
2022-02-21,District of Columbia,11,133697,1314
2022-02-21,Florida,12,5780682,68902
2022-02-21,Georgia,13,2385578,33543
2022-02-21,Guam,66,43787,318
2022-02-21,Hawaii,15,228934,1301
2022-02-21,Idaho,16,414604,4678
2022-02-21,Illinois,17,3019135,36360
2022-02-21,Indiana,18,1680769,22575
2022-02-21,Iowa,19,745530,8948
2022-02-21,Kansas,20,763740,7936
2022-02-21,Kentucky,21,1275660,13676
2022-02-21,Louisiana,22,1221493,16465
2022-02-21,Maine,23,218797,1960
2022-02-21,Maryland,24,998398,14011
2022-02-21,Massachusetts,25,1661206,23109
2022-02-21,Michigan,26,2337531,33960
2022-02-21,Minnesota,27,1404832,12131
2022-02-21,Mississippi,28,785528,11836
2022-02-21,Missouri,29,1404552,18599
2022-02-21,Montana,30,262221,3107
2022-02-21,Nebraska,31,452901,3883
2022-02-21,Nevada,32,677345,9508
2022-02-21,New Hampshire,33,293697,2333
2022-02-21,New Jersey,34,2158821,32711
2022-02-21,New Mexico,35,508863,6796
2022-02-21,New York,36,4894236,66418
2022-02-21,North Carolina,37,2570553,22247
2022-02-21,North Dakota,38,236955,2221
2022-02-21,Northern Mariana Islands,69,8711,26
2022-02-21,Ohio,39,2645679,35493
2022-02-21,Oklahoma,40,1013287,12767
2022-02-21,Oregon,41,685953,6456
2022-02-21,Pennsylvania,42,2744145,42789
2022-02-21,Puerto Rico,72,505516,4084
2022-02-21,Rhode Island,44,354617,3402
2022-02-21,South Carolina,45,1449637,16533
2022-02-21,South Dakota,46,234961,2772
2022-02-21,Tennessee,47,1942537,23695
2022-02-21,Texas,48,6528752,83883
2022-02-21,Utah,49,918402,4359
2022-02-21,Vermont,50,110679,583
2022-02-21,Virgin Islands,78,15255,108
2022-02-21,Virginia,51,1628623,18145
2022-02-21,Washington,53,1410803,11706
2022-02-21,West Virginia,54,484923,6183
2022-02-21,Wisconsin,55,1567002,13086
2022-02-21,Wyoming,56,154082,1689
2022-02-22,Alabama,01,1274123,17938
2022-02-22,Alaska,02,234541,1108
2022-02-22,American Samoa,60,57,0
2022-02-22,Arizona,04,1970442,27751
2022-02-22,Arkansas,05,816168,10305
2022-02-22,California,06,8921012,84437
2022-02-22,Colorado,08,1312380,11939
2022-02-22,Connecticut,09,720956,10374
2022-02-22,Delaware,10,255287,2702
2022-02-22,District of Columbia,11,134066,1315
2022-02-22,Florida,12,5790325,68955
2022-02-22,Georgia,13,2386839,33630
2022-02-22,Guam,66,44180,319
2022-02-22,Hawaii,15,229083,1301
2022-02-22,Idaho,16,416961,4705
2022-02-22,Illinois,17,3025329,36516
2022-02-22,Indiana,18,1681685,22629
2022-02-22,Iowa,19,746825,8948
2022-02-22,Kansas,20,763772,7941
2022-02-22,Kentucky,21,1278796,13706
2022-02-22,Louisiana,22,1223067,16518
2022-02-22,Maine,23,221406,1960
2022-02-22,Maryland,24,999151,14049
2022-02-22,Massachusetts,25,1665586,23157
2022-02-22,Michigan,26,2337531,33960
2022-02-22,Minnesota,27,1406824,12163
2022-02-22,Mississippi,28,787396,11858
2022-02-22,Missouri,29,1407975,18622
2022-02-22,Montana,30,263855,3129
2022-02-22,Nebraska,31,453165,3901
2022-02-22,Nevada,32,678401,9554
2022-02-22,New Hampshire,33,293697,2333
2022-02-22,New Jersey,34,2160023,32743
2022-02-22,New Mexico,35,509178,6823
2022-02-22,New York,36,4895859,66485
2022-02-22,North Carolina,37,2572953,22306
2022-02-22,North Dakota,38,237139,2221
2022-02-22,Northern Mariana Islands,69,8882,27
2022-02-22,Ohio,39,2647048,36267
2022-02-22,Oklahoma,40,1015935,12767
2022-02-22,Oregon,41,689325,6485
2022-02-22,Pennsylvania,42,2746745,42789
2022-02-22,Puerto Rico,72,505551,4086
2022-02-22,Rhode Island,44,354817,3404
2022-02-22,South Carolina,45,1455967,16600
2022-02-22,South Dakota,46,235116,2779
2022-02-22,Tennessee,47,1947423,23741
2022-02-22,Texas,48,6535366,84080
2022-02-22,Utah,49,920472,4372
2022-02-22,Vermont,50,111319,587
2022-02-22,Virgin Islands,78,15255,108
2022-02-22,Virginia,51,1630796,18230
2022-02-22,Washington,53,1412745,11712
2022-02-22,West Virginia,54,485498,6219
2022-02-22,Wisconsin,55,1567927,13108
2022-02-22,Wyoming,56,154549,1718
2022-02-23,Alabama,01,1275355,18007
2022-02-23,Alaska,02,236336,1128
2022-02-23,American Samoa,60,57,0
2022-02-23,Arizona,04,1971678,27790
2022-02-23,Arkansas,05,817227,10341
2022-02-23,California,06,8929279,84580
2022-02-23,Colorado,08,1314638,11964
2022-02-23,Connecticut,09,721496,10438
2022-02-23,Delaware,10,255385,2703
2022-02-23,District of Columbia,11,134114,1317
2022-02-23,Florida,12,5794256,68955
2022-02-23,Georgia,13,2388880,33737
2022-02-23,Guam,66,44180,319
2022-02-23,Hawaii,15,229199,1301
2022-02-23,Idaho,16,419271,4717
2022-02-23,Illinois,17,3028052,36614
2022-02-23,Indiana,18,1682604,22693
2022-02-23,Iowa,19,747703,9085
2022-02-23,Kansas,20,765218,7955
2022-02-23,Kentucky,21,1281460,13740
2022-02-23,Louisiana,22,1224028,16557
2022-02-23,Maine,23,222925,1971
2022-02-23,Maryland,24,999492,14062
2022-02-23,Massachusetts,25,1666622,23293
2022-02-23,Michigan,26,2344826,34332
2022-02-23,Minnesota,27,1410753,12189
2022-02-23,Mississippi,28,787938,11954
2022-02-23,Missouri,29,1409221,18649
2022-02-23,Montana,30,264701,3157
2022-02-23,Nebraska,31,453490,3944
2022-02-23,Nevada,32,678684,9575
2022-02-23,New Hampshire,33,295701,2368
2022-02-23,New Jersey,34,2161190,32803
2022-02-23,New Mexico,35,509710,6853
2022-02-23,New York,36,4898058,66544
2022-02-23,North Carolina,37,2576513,22400
2022-02-23,North Dakota,38,237326,2227
2022-02-23,Northern Mariana Islands,69,9108,27
2022-02-23,Ohio,39,2648371,36267
2022-02-23,Oklahoma,40,1016945,12990
2022-02-23,Oregon,41,690481,6519
2022-02-23,Pennsylvania,42,2749767,43002
2022-02-23,Puerto Rico,72,505715,4088
2022-02-23,Rhode Island,44,355014,3404
2022-02-23,South Carolina,45,1456990,16614
2022-02-23,South Dakota,46,235541,2784
2022-02-23,Tennessee,47,1948664,23761
2022-02-23,Texas,48,6540776,84319
2022-02-23,Utah,49,921086,4392
2022-02-23,Vermont,50,111584,593
2022-02-23,Virgin Islands,78,15255,108
2022-02-23,Virginia,51,1633035,18338
2022-02-23,Washington,53,1415548,11812
2022-02-23,West Virginia,54,486206,6250
2022-02-23,Wisconsin,55,1568999,13156
2022-02-23,Wyoming,56,154662,1718
2022-02-24,Alabama,01,1276580,18102
2022-02-24,Alaska,02,236336,1128
2022-02-24,American Samoa,60,72,0
2022-02-24,Arizona,04,1973479,27876
2022-02-24,Arkansas,05,817798,10381
2022-02-24,California,06,8943492,84832
2022-02-24,Colorado,08,1315667,11980
2022-02-24,Connecticut,09,721954,10443
2022-02-24,Delaware,10,256207,2703
2022-02-24,District of Columbia,11,134214,1317
2022-02-24,Florida,12,5797657,69553
2022-02-24,Georgia,13,2390997,33843
2022-02-24,Guam,66,44180,319
2022-02-24,Hawaii,15,229477,1309
2022-02-24,Idaho,16,421682,4724
2022-02-24,Illinois,17,3030066,36694
2022-02-24,Indiana,18,1683570,22736
2022-02-24,Iowa,19,748057,9085
2022-02-24,Kansas,20,765220,7955
2022-02-24,Kentucky,21,1281954,13755
2022-02-24,Louisiana,22,1224969,16582
2022-02-24,Maine,23,224048,2024
2022-02-24,Maryland,24,1000153,14076
2022-02-24,Massachusetts,25,1668242,23341
2022-02-24,Michigan,26,2344826,34332
2022-02-24,Minnesota,27,1411773,12246
2022-02-24,Mississippi,28,788479,11984
2022-02-24,Missouri,29,1410543,19033
2022-02-24,Montana,30,265460,3163
2022-02-24,Nebraska,31,453522,3954
2022-02-24,Nevada,32,679715,9613
2022-02-24,New Hampshire,33,296870,2370
2022-02-24,New Jersey,34,2162940,32829
2022-02-24,New Mexico,35,510330,6875
2022-02-24,New York,36,4900723,66602
2022-02-24,North Carolina,37,2580257,22459
2022-02-24,North Dakota,38,237599,2230
2022-02-24,Northern Mariana Islands,69,9265,27
2022-02-24,Ohio,39,2649692,36267
2022-02-24,Oklahoma,40,1018328,12990
2022-02-24,Oregon,41,691337,6578
2022-02-24,Pennsylvania,42,2751629,43069
2022-02-24,Puerto Rico,72,506099,4098
2022-02-24,Rhode Island,44,355294,3406
2022-02-24,South Carolina,45,1458075,16643
2022-02-24,South Dakota,46,235654,2788
2022-02-24,Tennessee,47,1951303,23857
2022-02-24,Texas,48,6547068,84561
2022-02-24,Utah,49,921714,4397
2022-02-24,Vermont,50,111794,593
2022-02-24,Virgin Islands,78,15341,109
2022-02-24,Virginia,51,1634851,18440
2022-02-24,Washington,53,1416016,11811
2022-02-24,West Virginia,54,487446,6288
2022-02-24,Wisconsin,55,1569908,13224
2022-02-24,Wyoming,56,154797,1718
2022-02-25,Alabama,01,1277837,18186
2022-02-25,Alaska,02,237255,1128
2022-02-25,American Samoa,60,72,0
2022-02-25,Arizona,04,1975252,27931
2022-02-25,Arkansas,05,818121,10425
2022-02-25,California,06,8956818,85078
2022-02-25,Colorado,08,1317069,11988
2022-02-25,Connecticut,09,722377,10465
2022-02-25,Delaware,10,256337,2706
2022-02-25,District of Columbia,11,134326,1317
2022-02-25,Florida,12,5800599,69790
2022-02-25,Georgia,13,2392516,33958
2022-02-25,Guam,66,45080,323
2022-02-25,Hawaii,15,229771,1318
2022-02-25,Idaho,16,423731,4732
2022-02-25,Illinois,17,3032190,36792
2022-02-25,Indiana,18,1684310,22800
2022-02-25,Iowa,19,748057,9085
2022-02-25,Kansas,20,766512,7961
2022-02-25,Kentucky,21,1285192,13824
2022-02-25,Louisiana,22,1225637,16606
2022-02-25,Maine,23,225253,2042
2022-02-25,Maryland,24,1000825,14091
2022-02-25,Massachusetts,25,1669594,23370
2022-02-25,Michigan,26,2352318,34439
2022-02-25,Minnesota,27,1412677,12261
2022-02-25,Mississippi,28,789056,12008
2022-02-25,Missouri,29,1411664,19043
2022-02-25,Montana,30,266080,3173
2022-02-25,Nebraska,31,453569,3956
2022-02-25,Nevada,32,681387,9664
2022-02-25,New Hampshire,33,297729,2373
2022-02-25,New Jersey,34,2164368,32857
2022-02-25,New Mexico,35,510783,6905
2022-02-25,New York,36,4903132,66658
2022-02-25,North Carolina,37,2585150,22510
2022-02-25,North Dakota,38,237802,2234
2022-02-25,Northern Mariana Islands,69,9404,29
2022-02-25,Ohio,39,2651304,36580
2022-02-25,Oklahoma,40,1019489,12990
2022-02-25,Oregon,41,692261,6582
2022-02-25,Pennsylvania,42,2753361,43148
2022-02-25,Puerto Rico,72,506342,4101
2022-02-25,Rhode Island,44,355509,3406
2022-02-25,South Carolina,45,1459070,16790
2022-02-25,South Dakota,46,235787,2802
2022-02-25,Tennessee,47,1953537,24124
2022-02-25,Texas,48,6555122,84739
2022-02-25,Utah,49,922139,4408
2022-02-25,Vermont,50,112023,595
2022-02-25,Virgin Islands,78,15362,109
2022-02-25,Virginia,51,1636510,18536
2022-02-25,Washington,53,1419088,11903
2022-02-25,West Virginia,54,488359,6308
2022-02-25,Wisconsin,55,1570683,13256
2022-02-25,Wyoming,56,154909,1718
2022-02-26,Alabama,01,1279006,18225
2022-02-26,Alaska,02,237255,1128
2022-02-26,American Samoa,60,84,0
2022-02-26,Arizona,04,1976890,27946
2022-02-26,Arkansas,05,818931,10465
2022-02-26,California,06,8958993,85142
2022-02-26,Colorado,08,1317067,11988
2022-02-26,Connecticut,09,722377,10465
2022-02-26,Delaware,10,256447,2709
2022-02-26,District of Columbia,11,134326,1317
2022-02-26,Florida,12,5803337,69790
2022-02-26,Georgia,13,2392516,33958
2022-02-26,Guam,66,45080,323
2022-02-26,Hawaii,15,230097,1327
2022-02-26,Idaho,16,423731,4732
2022-02-26,Illinois,17,3032190,36792
2022-02-26,Indiana,18,1684310,22800
2022-02-26,Iowa,19,748849,9085
2022-02-26,Kansas,20,766512,7961
2022-02-26,Kentucky,21,1285423,13832
2022-02-26,Louisiana,22,1225637,16606
2022-02-26,Maine,23,226120,2064
2022-02-26,Maryland,24,1001772,14105
2022-02-26,Massachusetts,25,1669594,23370
2022-02-26,Michigan,26,2352318,34439
2022-02-26,Minnesota,27,1412677,12261
2022-02-26,Mississippi,28,789056,12008
2022-02-26,Missouri,29,1411732,19045
2022-02-26,Montana,30,266080,3173
2022-02-26,Nebraska,31,453569,3956
2022-02-26,Nevada,32,681387,9664
2022-02-26,New Hampshire,33,297729,2373
2022-02-26,New Jersey,34,2165484,32888
2022-02-26,New Mexico,35,510783,6905
2022-02-26,New York,36,4904574,66681
2022-02-26,North Carolina,37,2585150,22510
2022-02-26,North Dakota,38,237935,2239
2022-02-26,Northern Mariana Islands,69,9534,29
2022-02-26,Ohio,39,2652634,36580
2022-02-26,Oklahoma,40,1019489,12990
2022-02-26,Oregon,41,692261,6582
2022-02-26,Pennsylvania,42,2755730,43203
2022-02-26,Puerto Rico,72,506739,4104
2022-02-26,Rhode Island,44,355509,3406
2022-02-26,South Carolina,45,1459070,16790
2022-02-26,South Dakota,46,235787,2802
2022-02-26,Tennessee,47,1955520,24219
2022-02-26,Texas,48,6559563,84876
2022-02-26,Utah,49,922139,4408
2022-02-26,Vermont,50,112023,595
2022-02-26,Virgin Islands,78,15362,109
2022-02-26,Virginia,51,1636510,18536
2022-02-26,Washington,53,1419088,11903
2022-02-26,West Virginia,54,488359,6308
2022-02-26,Wisconsin,55,1570683,13256
2022-02-26,Wyoming,56,154909,1718
2022-02-27,Alabama,01,1279364,18225
2022-02-27,Alaska,02,237255,1128
2022-02-27,American Samoa,60,84,0
2022-02-27,Arizona,04,1976890,27946
2022-02-27,Arkansas,05,819426,10497
2022-02-27,California,06,8958993,85142
2022-02-27,Colorado,08,1317628,11995
2022-02-27,Connecticut,09,722377,10465
2022-02-27,Delaware,10,256551,2709
2022-02-27,District of Columbia,11,134326,1317
2022-02-27,Florida,12,5803337,69790
2022-02-27,Georgia,13,2392516,33958
2022-02-27,Guam,66,45313,323
2022-02-27,Hawaii,15,230317,1331
2022-02-27,Idaho,16,423731,4732
2022-02-27,Illinois,17,3032190,36792
2022-02-27,Indiana,18,1684310,22800
2022-02-27,Iowa,19,748849,9085
2022-02-27,Kansas,20,766512,7961
2022-02-27,Kentucky,21,1285538,13832
2022-02-27,Louisiana,22,1225637,16606
2022-02-27,Maine,23,226143,2064
2022-02-27,Maryland,24,1002153,14119
2022-02-27,Massachusetts,25,1669594,23370
2022-02-27,Michigan,26,2352318,34439
2022-02-27,Minnesota,27,1412677,12261
2022-02-27,Mississippi,28,789056,12008
2022-02-27,Missouri,29,1411732,19045
2022-02-27,Montana,30,266080,3173
2022-02-27,Nebraska,31,453569,3956
2022-02-27,Nevada,32,681387,9664
2022-02-27,New Hampshire,33,297729,2373
2022-02-27,New Jersey,34,2166758,32896
2022-02-27,New Mexico,35,510783,6905
2022-02-27,New York,36,4907229,66726
2022-02-27,North Carolina,37,2585150,22510
2022-02-27,North Dakota,38,238029,2239
2022-02-27,Northern Mariana Islands,69,9595,30
2022-02-27,Ohio,39,2653211,36580
2022-02-27,Oklahoma,40,1019489,12990
2022-02-27,Oregon,41,692261,6582
2022-02-27,Pennsylvania,42,2756546,43215
2022-02-27,Puerto Rico,72,506953,4109
2022-02-27,Rhode Island,44,355509,3406
2022-02-27,South Carolina,45,1459070,16790
2022-02-27,South Dakota,46,235787,2802
2022-02-27,Tennessee,47,1955520,24219
2022-02-27,Texas,48,6560468,84945
2022-02-27,Utah,49,922139,4408
2022-02-27,Vermont,50,112023,595
2022-02-27,Virgin Islands,78,15362,109
2022-02-27,Virginia,51,1636510,18536
2022-02-27,Washington,53,1419088,11903
2022-02-27,West Virginia,54,488359,6308
2022-02-27,Wisconsin,55,1570683,13256
2022-02-27,Wyoming,56,154909,1718
2022-02-28,Alabama,01,1279565,18225
2022-02-28,Alaska,02,237977,1128
2022-02-28,American Samoa,60,85,0
2022-02-28,Arizona,04,1976890,27946
2022-02-28,Arkansas,05,819984,10524
2022-02-28,California,06,8975648,85564
2022-02-28,Colorado,08,1319806,12007
2022-02-28,Connecticut,09,723389,10470
2022-02-28,Delaware,10,256621,2709
2022-02-28,District of Columbia,11,134564,1318
2022-02-28,Florida,12,5806510,70084
2022-02-28,Georgia,13,2395050,34053
2022-02-28,Guam,66,45542,329
2022-02-28,Hawaii,15,230458,1331
2022-02-28,Idaho,16,426256,4753
2022-02-28,Illinois,17,3036705,36910
2022-02-28,Indiana,18,1685676,22843
2022-02-28,Iowa,19,748849,9085
2022-02-28,Kansas,20,766992,7968
2022-02-28,Kentucky,21,1288028,13903
2022-02-28,Louisiana,22,1225637,16606
2022-02-28,Maine,23,226150,2064
2022-02-28,Maryland,24,1002542,14122
2022-02-28,Massachusetts,25,1671292,23424
2022-02-28,Michigan,26,2354772,34467
2022-02-28,Minnesota,27,1413756,12289
2022-02-28,Mississippi,28,789940,12039
2022-02-28,Missouri,29,1413255,19061
2022-02-28,Montana,30,266861,3188
2022-02-28,Nebraska,31,475528,3956
2022-02-28,Nevada,32,683766,9704
2022-02-28,New Hampshire,33,298362,2377
2022-02-28,New Jersey,34,2167515,32916
2022-02-28,New Mexico,35,511434,6921
2022-02-28,New York,36,4908495,66741
2022-02-28,North Carolina,37,2591336,22580
2022-02-28,North Dakota,38,238053,2239
2022-02-28,Northern Mariana Islands,69,9787,30
2022-02-28,Ohio,39,2653940,36580
2022-02-28,Oklahoma,40,1021595,12990
2022-02-28,Oregon,41,693929,6622
2022-02-28,Pennsylvania,42,2757425,43216
2022-02-28,Puerto Rico,72,507112,4110
2022-02-28,Rhode Island,44,355925,3412
2022-02-28,South Carolina,45,1461155,16865
2022-02-28,South Dakota,46,235882,2805
2022-02-28,Tennessee,47,1955520,24219
2022-02-28,Texas,48,6564429,85000
2022-02-28,Utah,49,923036,4411
2022-02-28,Vermont,50,112364,598
2022-02-28,Virgin Islands,78,15398,109
2022-02-28,Virginia,51,1639942,18771
2022-02-28,Washington,53,1424674,11941
2022-02-28,West Virginia,54,490111,6317
2022-02-28,Wisconsin,55,1572199,13297
2022-02-28,Wyoming,56,155101,1718
